Iter: 1 Qf: -37748790974251693621300722401280.000 g11: 1.073049 g12: -0.110719 g22: 1.205832 beta0: -24.186 beta1:0.193 beta2:-0.005 beta3:0.033 beta4 :0.015
                    beta5:-0.003 eps:3774879097425169441294909440.000000
