Iter: 1 Qf: -14679246137116515370788716544.000 g11: 0.908242 g12: 0.006257 g22: 0.919900 beta0: -24.278 beta1:0.193 beta2:-0.005 beta3:0.045 beta4 :-0.014
                    beta5:-0.006 eps:1467924613711651466641408.000000
Iter: 1 Qf: -398675017383566802103731621492322094546944000.000 g11: 1.135905 g12: -0.016601 g22: 1.025191 beta0: -24.437 beta1:0.193 beta2:-0.005 beta3:0.020 beta4 :0.084
                    beta5:NA eps:39867501738356682144654473532638888984576.000000
