Iter: 1 Qf: -179738.490 g11: 1.667183 g12: -0.072548 g22: 0.011431 beta0: 0.951 beta1:0.175 beta2:-0.005 beta3:0.033 beta4 :0.015
                    beta5:-0.002 eps:16.973849
Iter: 2 Qf: -105946.802 g11: 1.609839 g12: -0.058378 g22: 0.009462 beta0: 1.012 beta1:0.166 beta2:-0.004 beta3:0.033 beta4 :0.016
                    beta5:-0.002 eps:0.410550
Iter: 3 Qf: -94228.825 g11: 1.669279 g12: -0.058326 g22: 0.009339 beta0: 1.015 beta1:0.166 beta2:-0.004 beta3:0.033 beta4 :0.016
                    beta5:-0.002 eps:0.110602
