Iter: 1 Qf: -421767.802 g11: 12.577442 g12: -0.935621 g22: 0.088225 beta0: -1.130 beta1:0.536 beta2:-0.003 beta3:-0.002 beta4 :-0.000
                    beta5:-0.007 eps:41.176780
Iter: 2 Qf: -282773.119 g11: 16.585171 g12: -1.358516 g22: 0.128631 beta0: -1.307 beta1:0.567 beta2:-0.004 beta3:-0.000 beta4 :0.005
                    beta5:-0.009 eps:0.329553
Iter: 3 Qf: -229349.489 g11: 19.532857 g12: -1.630852 g22: 0.153717 beta0: -1.402 beta1:0.583 beta2:-0.004 beta3:-0.000 beta4 :0.006
                    beta5:-0.010 eps:0.188928
