Iter: 1 Qf: -179738.490 g11: 1.667183 g12: -0.072548 g22: 0.011431 beta0: 0.951 beta1:0.175 beta2:-0.005 beta3:0.033 beta4 :0.015
                    beta5:-0.002 eps:16.973849
