Iter: 1 Qf: -421767.802 g11: 12.577442 g12: -0.935621 g22: 0.088225 beta0: -1.130 beta1:0.536 beta2:-0.003 beta3:-0.002 beta4 :-0.000
                    beta5:-0.007 eps:41.176780
