Iter: 1 Qf: -268319.520 g11: 12.830843 g12: -1.063225 g22: 0.102226 beta0: -0.659 beta1:0.475 beta2:-0.002 beta3:0.001 beta4 :-0.003
                    beta5:-0.006 eps:25.831952
