Iter: 1 Qf: -268319.520 g11: 12.830843 g12: -1.063225 g22: 0.102226 beta0: -0.659 beta1:0.475 beta2:-0.002 beta3:0.001 beta4 :-0.003
                    beta5:-0.006 eps:25.831952
Iter: 2 Qf: -135555.152 g11: 16.110653 g12: -1.359842 g22: 0.129498 beta0: -0.831 beta1:0.511 beta2:-0.002 beta3:0.000 beta4 :-0.007
                    beta5:-0.007 eps:0.494800
Iter: 3 Qf: -113313.718 g11: 18.353988 g12: -1.544096 g22: 0.145445 beta0: -0.961 beta1:0.533 beta2:-0.003 beta3:-0.000 beta4 :-0.010
                    beta5:-0.007 eps:0.164077
