Iter: 1 Qf: -307750.577 g11: 13.231661 g12: -1.106513 g22: 0.105585 beta0: -0.053 beta1:0.494 beta2:-0.002 beta3:0.008 beta4 :-0.024
                    beta5:-0.015 eps:29.775058
Iter: 2 Qf: -143733.324 g11: 15.416103 g12: -1.338676 g22: 0.131370 beta0: 0.618 beta1:0.544 beta2:-0.003 beta3:0.007 beta4 :-0.047
                    beta5:-0.023 eps:0.532955
