Iter: 1 Qf: -107308.094 g11: 1.492740 g12: -0.061135 g22: 0.011131 beta0: 0.765 beta1:0.183 beta2:-0.005 beta3:0.035 beta4 :0.014
                    beta5:-0.003 eps:9.730809
Iter: 2 Qf: -89729.108 g11: 1.448989 g12: -0.055596 g22: 0.009634 beta0: 0.776 beta1:0.187 beta2:-0.005 beta3:0.034 beta4 :0.019
                    beta5:-0.003 eps:0.163818
